{
    "camera_angle_x": 0.18064386593065768,
    "frames": [
        {
            "file_path": "Screenshot 2025-05-27 at 19.05.14.png",
            "rotation": 0.0,
            "transform_matrix": [
                [
                    -0.523145855563781,
                    0.141777069491417,
                    0.840367584080244,
                    0.5234470660430777
                ],
                [
                    0.07199385049112435,
                    0.9898927058124836,
                    -0.12218558209012079,
                    -0.0670838168521478
                ],
                [
                    -0.8491968554451328,
                    -0.003419582674234388,
                    -0.5280653436426527,
                    -0.7784721628370174
                ],
                [
                    0.0,
                    0.0,
                    0.0,
                    1.0
                ]
            ]
        },
        {
            "file_path": "Screenshot 2025-05-27 at 19.05.24.png",
            "rotation": 0.0,
            "transform_matrix": [
                [
                    -0.376977761254189,
                    -0.06993483993245164,
                    0.9235783051173311,
                    0.6003657774444503
                ],
                [
                    0.07357952724876776,
                    0.9917328390849754,
                    0.10512863097321326,
                    0.11378126163690443
                ],
                [
                    -0.92329508863073,
                    0.10758761101575115,
                    -0.3687154529800669,
                    -0.6420447036482173
                ],
                [
                    0.0,
                    0.0,
                    0.0,
                    1.0
                ]
            ]
        },
        {
            "file_path": "Screenshot 2025-05-27 at 19.05.11.png",
            "rotation": 0.0,
            "transform_matrix": [
                [
                    -0.5393897386322877,
                    0.17754766620889123,
                    0.823125468007137,
                    0.49674734931417897
                ],
                [
                    0.12026190751245806,
                    0.9837405390360968,
                    -0.13338525202748136,
                    -0.07451375003286577
                ],
                [
                    -0.8334241317958445,
                    0.027044002676118076,
                    -0.5519717732453325,
                    -0.7935203339362084
                ],
                [
                    0.0,
                    0.0,
                    0.0,
                    1.0
                ]
            ]
        },
        {
            "file_path": "Screenshot 2025-05-27 at 19.05.21.png",
            "rotation": 0.0,
            "transform_matrix": [
                [
                    -0.3295156768773555,
                    0.12685236252034096,
                    0.9355895984966199,
                    0.6147358594031407
                ],
                [
                    -0.005915687645295285,
                    0.9906362640300281,
                    -0.13639940259514213,
                    -0.0804385485997125
                ],
                [
                    -0.9441315709856025,
                    -0.0504803973006984,
                    -0.3256797601273713,
                    -0.6154739521321744
                ],
                [
                    0.0,
                    0.0,
                    0.0,
                    1.0
                ]
            ]
        },
        {
            "file_path": "Screenshot 2025-05-27 at 19.05.18.png",
            "rotation": 0.0,
            "transform_matrix": [
                [
                    -0.545373629497349,
                    0.08681649722488782,
                    0.8336848925454323,
                    0.4616431375904372
                ],
                [
                    0.040604945115757594,
                    0.9961902560472433,
                    -0.07717650023597868,
                    -0.026970655748234436
                ],
                [
                    -0.8372089599861161,
                    -0.008238298739955172,
                    -0.5468210747153375,
                    -0.7465837354228738
                ],
                [
                    0.0,
                    0.0,
                    0.0,
                    1.0
                ]
            ]
        },
        {
            "file_path": "Screenshot 2025-05-27 at 19.05.38.png",
            "rotation": 0.0,
            "transform_matrix": [
                [
                    0.6685993251101601,
                    -0.11168145967182397,
                    0.7351885431831819,
                    0.48174334441698563
                ],
                [
                    0.10086892555712074,
                    0.9931408003426386,
                    0.059133835929485117,
                    0.07915904669942966
                ],
                [
                    -0.736749891292283,
                    0.03462083563916373,
                    0.6752784576902001,
                    0.2075406486533921
                ],
                [
                    0.0,
                    0.0,
                    0.0,
                    1.0
                ]
            ]
        },
        {
            "file_path": "Screenshot 2025-05-27 at 19.05.36.png",
            "rotation": 0.0,
            "transform_matrix": [
                [
                    0.5958994766461441,
                    -0.12402076062391064,
                    0.7934246433449861,
                    0.5313844374939355
                ],
                [
                    0.11012798103099979,
                    0.9912888274568988,
                    0.07223772112381799,
                    0.09056271348038172
                ],
                [
                    -0.7954719614963732,
                    0.044331833860031124,
                    0.604366649460176,
                    0.1482614386358593
                ],
                [
                    0.0,
                    0.0,
                    0.0,
                    1.0
                ]
            ]
        },
        {
            "file_path": "Screenshot 2025-05-27 at 19.05.32.png",
            "rotation": 0.0,
            "transform_matrix": [
                [
                    0.4176425258928563,
                    -0.13798874918520174,
                    0.8980722830953746,
                    0.6202876975601427
                ],
                [
                    0.1271307446750726,
                    0.9875525480964533,
                    0.09261608125246869,
                    0.10810041218260316
                ],
                [
                    -0.8996735487520996,
                    0.0754921840093785,
                    0.42998655307962574,
                    0.0012921106881747064
                ],
                [
                    0.0,
                    0.0,
                    0.0,
                    1.0
                ]
            ]
        },
        {
            "file_path": "Screenshot 2025-05-27 at 19.05.46.png",
            "rotation": 0.0,
            "transform_matrix": [
                [
                    0.8308328255764683,
                    -0.09369278969877004,
                    0.548578597015126,
                    0.32530100418623975
                ],
                [
                    0.08024237704299661,
                    0.9955942250378377,
                    0.04851082351184231,
                    0.07053096298914263
                ],
                [
                    -0.5507067975530278,
                    0.0037148660500205093,
                    0.8346904952730198,
                    0.3409131048391749
                ],
                [
                    0.0,
                    0.0,
                    0.0,
                    1.0
                ]
            ]
        },
        {
            "file_path": "Screenshot 2025-05-27 at 19.05.28.png",
            "rotation": 0.0,
            "transform_matrix": [
                [
                    -0.37471054737184367,
                    0.12337755228297673,
                    0.9188960688135274,
                    0.6200811782777823
                ],
                [
                    -0.012699155303786382,
                    0.9903302724288879,
                    -0.13814732341053496,
                    -0.08543058231065698
                ],
                [
                    -0.9270548727787712,
                    -0.06343446305901843,
                    -0.3695204077632931,
                    -0.6529748541924474
                ],
                [
                    0.0,
                    0.0,
                    0.0,
                    1.0
                ]
            ]
        },
        {
            "file_path": "Screenshot 2025-05-27 at 19.05.48.png",
            "rotation": 0.0,
            "transform_matrix": [
                [
                    0.8611276595840328,
                    -0.08176319852601173,
                    0.5017707975421866,
                    0.2845916307216205
                ],
                [
                    0.07002077245449288,
                    0.9966510182472804,
                    0.04223552120591234,
                    0.06524876198079162
                ],
                [
                    -0.5035436876023789,
                    -0.001235796688348223,
                    0.8639688810844652,
                    0.3653235610021487
                ],
                [
                    0.0,
                    0.0,
                    0.0,
                    1.0
                ]
            ]
        },
        {
            "file_path": "Screenshot 2025-05-27 at 19.05.51.png",
            "rotation": 0.0,
            "transform_matrix": [
                [
                    0.8847140856356763,
                    -0.07447576676155103,
                    0.46014600600582,
                    0.24930108989051983
                ],
                [
                    0.06365460119110312,
                    0.9972091344474885,
                    0.039013253154438675,
                    0.06251566185620867
                ],
                [
                    -0.46176734231107197,
                    -0.005225164090222979,
                    0.8869856928018622,
                    0.3845771690404425
                ],
                [
                    0.0,
                    0.0,
                    0.0,
                    1.0
                ]
            ]
        },
        {
            "file_path": "Screenshot 2025-05-27 at 19.05.41.png",
            "rotation": 0.0,
            "transform_matrix": [
                [
                    0.7181318804968096,
                    -0.11953743874132049,
                    0.6855635659464999,
                    0.44117267003256333
                ],
                [
                    0.09623010795591126,
                    0.9927302063516835,
                    0.07229456217266514,
                    0.0906221860486235
                ],
                [
                    -0.6892215670863105,
                    0.014054826078921626,
                    0.7244143105481708,
                    0.24974957895940478
                ],
                [
                    0.0,
                    0.0,
                    0.0,
                    1.0
                ]
            ]
        },
        {
            "file_path": "Screenshot 2025-05-27 at 19.05.43.png",
            "rotation": 0.0,
            "transform_matrix": [
                [
                    0.7458969814562125,
                    -0.11427673999513885,
                    0.6561848213351129,
                    0.4162474073132024
                ],
                [
                    0.09222917735722908,
                    0.9934018442534205,
                    0.06816564147656434,
                    0.08714549515352178
                ],
                [
                    -0.6596449589730216,
                    0.009674840049642038,
                    0.7515150867224786,
                    0.27251276123163887
                ],
                [
                    0.0,
                    0.0,
                    0.0,
                    1.0
                ]
            ]
        },
        {
            "file_path": "Screenshot 2025-05-27 at 19.05.57.png",
            "rotation": 0.0,
            "transform_matrix": [
                [
                    0.943482698867547,
                    -0.05004296511618414,
                    0.3276218835486877,
                    0.13709916504091413
                ],
                [
                    0.043062298730450574,
                    0.9986648981821608,
                    0.02853172912502428,
                    0.05381311180420405
                ],
                [
                    -0.328612287301706,
                    -0.012811041378229228,
                    0.9443780185143797,
                    0.43225654670690833
                ],
                [
                    0.0,
                    0.0,
                    0.0,
                    1.0
                ]
            ]
        },
        {
            "file_path": "Screenshot 2025-05-27 at 19.06.03.png",
            "rotation": 0.0,
            "transform_matrix": [
                [
                    0.9819490673382976,
                    -0.017735506247195623,
                    0.18831219018322498,
                    0.01924021382384848
                ],
                [
                    0.020817137539386424,
                    0.9996796035814061,
                    -0.014399200255189006,
                    0.01767654181437451
                ],
                [
                    -0.18799647852583218,
                    0.01805940202438751,
                    0.9820036568467593,
                    0.46195998033730934
                ],
                [
                    0.0,
                    0.0,
                    0.0,
                    1.0
                ]
            ]
        },
        {
            "file_path": "Screenshot 2025-05-27 at 19.06.09.png",
            "rotation": 0.0,
            "transform_matrix": [
                [
                    0.9999095204890414,
                    0.005095482926871685,
                    0.01244937304113504,
                    -0.1286564541295611
                ],
                [
                    -0.004986039070254178,
                    0.9999487921239338,
                    -0.008806392239491524,
                    0.022379849639056745
                ],
                [
                    -0.012493608356486913,
                    0.008743522381045116,
                    0.9998837235231939,
                    0.47803809119978147
                ],
                [
                    0.0,
                    0.0,
                    0.0,
                    1.0
                ]
            ]
        },
        {
            "file_path": "Screenshot 2025-05-27 at 19.05.54.png",
            "rotation": 0.0,
            "transform_matrix": [
                [
                    0.9260294529778901,
                    -0.05802931965268606,
                    0.37296387261786645,
                    0.17541837287824824
                ],
                [
                    0.049959747463262795,
                    0.9982614553149141,
                    0.031274437899932915,
                    0.05610561864758345
                ],
                [
                    -0.3741302926132509,
                    -0.010327869731756749,
                    0.9273186395494954,
                    0.41813702857310747
                ],
                [
                    0.0,
                    0.0,
                    0.0,
                    1.0
                ]
            ]
        },
        {
            "file_path": "Screenshot 2025-05-27 at 19.06.01.png",
            "rotation": 0.0,
            "transform_matrix": [
                [
                    0.9666036488673291,
                    -0.02903984386509666,
                    0.2546253590368722,
                    0.07507664358761693
                ],
                [
                    0.03129275351719171,
                    0.9994987323669258,
                    -0.004800788916507261,
                    0.02572641862431462
                ],
                [
                    -0.2543583094252625,
                    0.012608388683705037,
                    0.9670278584203886,
                    0.44961251444906913
                ],
                [
                    0.0,
                    0.0,
                    0.0,
                    1.0
                ]
            ]
        },
        {
            "file_path": "Screenshot 2025-05-27 at 19.06.06.png",
            "rotation": 0.0,
            "transform_matrix": [
                [
                    0.9938886102810205,
                    -0.009401954915764638,
                    0.1099865155254216,
                    -0.04651110058011553
                ],
                [
                    0.009547781543052341,
                    0.9999540994710417,
                    -0.000799261324084642,
                    0.029106313244229038
                ],
                [
                    -0.10997395246724576,
                    0.0018445039495641133,
                    0.9939327580796963,
                    0.4729068013348275
                ],
                [
                    0.0,
                    0.0,
                    0.0,
                    1.0
                ]
            ]
        },
        {
            "file_path": "Screenshot 2025-05-27 at 19.06.12.png",
            "rotation": 0.0,
            "transform_matrix": [
                [
                    0.9977189313031474,
                    0.016084949857558876,
                    -0.06556072381681995,
                    -0.19437234326118044
                ],
                [
                    -0.017126750871116873,
                    0.9997353425341738,
                    -0.01535966447148946,
                    0.016863743019155764
                ],
                [
                    0.06529631324894401,
                    0.01644747020541016,
                    0.9977303604681668,
                    0.47649103838257406
                ],
                [
                    0.0,
                    0.0,
                    0.0,
                    1.0
                ]
            ]
        },
        {
            "file_path": "Screenshot 2025-05-27 at 19.06.17.png",
            "rotation": 0.0,
            "transform_matrix": [
                [
                    0.9769587727649034,
                    0.031874951716964216,
                    -0.21103446109755394,
                    -0.3171107604911472
                ],
                [
                    -0.03826263090732215,
                    0.9989227816754552,
                    -0.026253520255784417,
                    0.007677048677252289
                ],
                [
                    0.20997030121839574,
                    0.033723340623551014,
                    0.9771259943852911,
                    0.4599032771810118
                ],
                [
                    0.0,
                    0.0,
                    0.0,
                    1.0
                ]
            ]
        },
        {
            "file_path": "Screenshot 2025-05-27 at 19.06.14.png",
            "rotation": 0.0,
            "transform_matrix": [
                [
                    0.9907212123371077,
                    0.023810851473451425,
                    -0.13380778294778192,
                    -0.2519370211149739
                ],
                [
                    -0.02690832275133881,
                    0.9994090757390466,
                    -0.021387882016097644,
                    0.01178324943191372
                ],
                [
                    0.13321944900051666,
                    0.02478997141051129,
                    0.9907764812133283,
                    0.4710902172376657
                ],
                [
                    0.0,
                    0.0,
                    0.0,
                    1.0
                ]
            ]
        },
        {
            "file_path": "Screenshot 2025-05-27 at 19.06.20.png",
            "rotation": 0.0,
            "transform_matrix": [
                [
                    0.9745899918707074,
                    0.040656404421768426,
                    -0.22027574656540846,
                    -0.3252014164868216
                ],
                [
                    -0.03912135754424385,
                    0.9991702483839132,
                    0.011328465400245782,
                    0.03938704592798943
                ],
                [
                    0.2205535470795015,
                    -0.0024231227626225395,
                    0.975371857983778,
                    0.45982800986961303
                ],
                [
                    0.0,
                    0.0,
                    0.0,
                    1.0
                ]
            ]
        },
        {
            "file_path": "Screenshot 2025-05-27 at 19.06.23.png",
            "rotation": 0.0,
            "transform_matrix": [
                [
                    0.943899122071526,
                    0.05470093960569748,
                    -0.32567200456725814,
                    -0.41455855671481334
                ],
                [
                    -0.05458676837016371,
                    0.9984638776098327,
                    0.009495779443480016,
                    0.03785212721302208
                ],
                [
                    0.32569116056703856,
                    0.008814324397874187,
                    0.9454351250159392,
                    0.43552191319792344
                ],
                [
                    0.0,
                    0.0,
                    0.0,
                    1.0
                ]
            ]
        },
        {
            "file_path": "Screenshot 2025-05-27 at 19.06.30.png",
            "rotation": 0.0,
            "transform_matrix": [
                [
                    0.8598947584942758,
                    0.08148648361677274,
                    -0.503925547379615,
                    -0.566342836226948
                ],
                [
                    -0.08049548160679906,
                    0.9964713653667902,
                    0.02377594256668933,
                    0.04997632117691856
                ],
                [
                    0.504084796195006,
                    0.020118921238934863,
                    0.8634197978117139,
                    0.3679015531736202
                ],
                [
                    0.0,
                    0.0,
                    0.0,
                    1.0
                ]
            ]
        },
        {
            "file_path": "Screenshot 2025-05-27 at 19.06.27.png",
            "rotation": 0.0,
            "transform_matrix": [
                [
                    0.9104646304677246,
                    0.06689545145567584,
                    -0.40814109722228514,
                    -0.48471563494305303
                ],
                [
                    -0.06647261530725641,
                    0.9976719062879833,
                    0.01523675877327306,
                    0.04272120748950862
                ],
                [
                    0.40821017635708573,
                    0.013257676200704581,
                    0.9127916990969376,
                    0.40884974251255257
                ],
                [
                    0.0,
                    0.0,
                    0.0,
                    1.0
                ]
            ]
        },
        {
            "file_path": "Screenshot 2025-05-27 at 19.06.33.png",
            "rotation": 0.0,
            "transform_matrix": [
                [
                    0.7674269268185242,
                    0.1016354728181493,
                    -0.633029337913265,
                    -0.6769502962113663
                ],
                [
                    -0.09308547609035331,
                    0.9945561220847813,
                    0.04683176448430999,
                    0.06992198948558279
                ],
                [
                    0.6343429720071845,
                    0.022985880203134485,
                    0.7727099346950184,
                    0.29240813615271694
                ],
                [
                    0.0,
                    0.0,
                    0.0,
                    1.0
                ]
            ]
        },
        {
            "file_path": "Screenshot 2025-05-27 at 19.06.36.png",
            "rotation": 0.0,
            "transform_matrix": [
                [
                    0.6918189368622247,
                    0.12197167591220615,
                    -0.7116947863192402,
                    -0.7439993129215174
                ],
                [
                    -0.10727828682131696,
                    0.9920533797837219,
                    0.0657378189201437,
                    0.08584457891157221
                ],
                [
                    0.714057370086959,
                    0.030870729419016068,
                    0.6994062269451378,
                    0.230348131629706
                ],
                [
                    0.0,
                    0.0,
                    0.0,
                    1.0
                ]
            ]
        },
        {
            "file_path": "Screenshot 2025-05-27 at 19.06.44.png",
            "rotation": 0.0,
            "transform_matrix": [
                [
                    0.2904243126218905,
                    0.14763658596748,
                    -0.9454401922501338,
                    -0.9433247202467129
                ],
                [
                    -0.14107121706244033,
                    0.9838360505803564,
                    0.11029749450902435,
                    0.12397335773740857
                ],
                [
                    0.9464420903333838,
                    0.1013413245537737,
                    0.3065571815878114,
                    -0.10325374446558859
                ],
                [
                    0.0,
                    0.0,
                    0.0,
                    1.0
                ]
            ]
        },
        {
            "file_path": "Screenshot 2025-05-27 at 19.06.39.png",
            "rotation": 0.0,
            "transform_matrix": [
                [
                    0.5832515349565021,
                    0.1273759926690042,
                    -0.8022424842044145,
                    -0.8214488476071612
                ],
                [
                    -0.11991897907952101,
                    0.9903091223355661,
                    0.07005198552137029,
                    0.08966308748239056
                ],
                [
                    0.8033909916269972,
                    0.05534617159792224,
                    0.5928741146837528,
                    0.14018260392394924
                ],
                [
                    0.0,
                    0.0,
                    0.0,
                    1.0
                ]
            ]
        },
        {
            "file_path": "Screenshot 2025-05-27 at 19.06.47.png",
            "rotation": 0.0,
            "transform_matrix": [
                [
                    0.21260065148320692,
                    0.14844498885266824,
                    -0.96579762283485,
                    -0.9603295299585201
                ],
                [
                    -0.144777815027101,
                    0.9822692842894927,
                    0.11910683195092699,
                    0.13148368464098772
                ],
                [
                    0.9663541520917135,
                    0.11450387952352985,
                    0.23032263090970118,
                    -0.16818455458601875
                ],
                [
                    0.0,
                    0.0,
                    0.0,
                    1.0
                ]
            ]
        },
        {
            "file_path": "Screenshot 2025-05-27 at 19.06.54.png",
            "rotation": 0.0,
            "transform_matrix": [
                [
                    -0.12518258665311427,
                    0.14333711740426813,
                    -0.9817249058535038,
                    -0.972878936345486
                ],
                [
                    -0.14940555010023637,
                    0.9755010713564267,
                    0.16147953858526296,
                    0.16742206396068698
                ],
                [
                    0.9808197090179629,
                    0.16688957593780004,
                    -0.1007003865197148,
                    -0.4497033504511176
                ],
                [
                    0.0,
                    0.0,
                    0.0,
                    1.0
                ]
            ]
        },
        {
            "file_path": "Screenshot 2025-05-27 at 19.06.41.png",
            "rotation": 0.0,
            "transform_matrix": [
                [
                    0.40043615391410675,
                    0.13987635931048278,
                    -0.9055857169503737,
                    -0.9094806787320161
                ],
                [
                    -0.1341954365799339,
                    0.9865768258075798,
                    0.09304703961202275,
                    0.1093139946914734
                ],
                [
                    0.906444963271129,
                    0.08426607197137596,
                    0.4138317987720569,
                    -0.011876287436204823
                ],
                [
                    0.0,
                    0.0,
                    0.0,
                    1.0
                ]
            ]
        },
        {
            "file_path": "Screenshot 2025-05-27 at 19.06.58.png",
            "rotation": 0.0,
            "transform_matrix": [
                [
                    -0.23997159630555626,
                    0.13905752742933952,
                    -0.9607687739679104,
                    -0.9559681111089888
                ],
                [
                    -0.14826602890711,
                    0.9728267183108575,
                    0.17783520689853105,
                    0.1815426811857253
                ],
                [
                    0.9593908575959432,
                    0.1851247692929442,
                    -0.21283327314016254,
                    -0.5452515618325424
                ],
                [
                    0.0,
                    0.0,
                    0.0,
                    1.0
                ]
            ]
        },
        {
            "file_path": "Screenshot 2025-05-27 at 19.06.49.png",
            "rotation": 0.0,
            "transform_matrix": [
                [
                    0.08617972337874133,
                    0.15282388532369995,
                    -0.9844886567924146,
                    -0.9767060297214134
                ],
                [
                    -0.14846998134973444,
                    0.9791007199622005,
                    0.13899080835620115,
                    0.14846710353816842
                ],
                [
                    0.9851546680173492,
                    0.1341888230966698,
                    0.10706838861007262,
                    -0.2730262347795197
                ],
                [
                    0.0,
                    0.0,
                    0.0,
                    1.0
                ]
            ]
        },
        {
            "file_path": "Screenshot 2025-05-27 at 19.07.00.png",
            "rotation": 0.0,
            "transform_matrix": [
                [
                    -0.3715996316140916,
                    0.13350843409171298,
                    -0.9187432785118216,
                    -0.9213362549138955
                ],
                [
                    -0.14264510232367988,
                    0.9696444421110119,
                    0.19860017791102666,
                    0.19947444578385806
                ],
                [
                    0.917369112499074,
                    0.20485398192274243,
                    -0.3412751932430167,
                    -0.6550347636580612
                ],
                [
                    0.0,
                    0.0,
                    0.0,
                    1.0
                ]
            ]
        },
        {
            "file_path": "Screenshot 2025-05-27 at 19.06.52.png",
            "rotation": 0.0,
            "transform_matrix": [
                [
                    -0.00465150182784918,
                    0.15142845585332917,
                    -0.9884572759045389,
                    -0.9792940341338296
                ],
                [
                    -0.14999826088021825,
                    0.9771788004680455,
                    0.15040649470266138,
                    0.15809887239671394
                ],
                [
                    0.9886753184254451,
                    0.14896648842510873,
                    0.018168656049263654,
                    -0.3486905055277542
                ],
                [
                    0.0,
                    0.0,
                    0.0,
                    1.0
                ]
            ]
        },
        {
            "file_path": "Screenshot 2025-05-27 at 19.07.03.png",
            "rotation": 0.0,
            "transform_matrix": [
                [
                    -0.5143707280232783,
                    0.11485847959560966,
                    -0.8498413286124576,
                    -0.8638684162049396
                ],
                [
                    -0.13520616158416135,
                    0.9677341457664055,
                    0.21262623776816245,
                    0.21184099173354226
                ],
                [
                    0.8468423985739496,
                    0.22427249671493474,
                    -0.4822445429393363,
                    -0.7759601402030929
                ],
                [
                    0.0,
                    0.0,
                    0.0,
                    1.0
                ]
            ]
        },
        {
            "file_path": "Screenshot 2025-05-27 at 19.07.15.png",
            "rotation": 0.0,
            "transform_matrix": [
                [
                    0.9946049220839398,
                    0.07406346156397772,
                    0.0726336879661303,
                    -0.09520728017221422
                ],
                [
                    -0.05377491820416613,
                    0.9668703802808255,
                    -0.24953942756155212,
                    -0.1625213852196813
                ],
                [
                    -0.08870911530691324,
                    0.24428727227748293,
                    0.965636795832,
                    0.37902070324290027
                ],
                [
                    0.0,
                    0.0,
                    0.0,
                    1.0
                ]
            ]
        },
        {
            "file_path": "Screenshot 2025-05-27 at 19.07.17.png",
            "rotation": 0.0,
            "transform_matrix": [
                [
                    0.9738560370077488,
                    0.0952513837487011,
                    0.20623189151418808,
                    0.008337488302565808
                ],
                [
                    -0.04113109804296067,
                    0.9667761590609175,
                    -0.25229366033493583,
                    -0.16460952798197814
                ],
                [
                    -0.223411396211882,
                    0.23721516006650437,
                    0.9454185929403336,
                    0.36427824240364926
                ],
                [
                    0.0,
                    0.0,
                    0.0,
                    1.0
                ]
            ]
        },
        {
            "file_path": "Screenshot 2025-05-27 at 19.07.05.png",
            "rotation": 0.0,
            "transform_matrix": [
                [
                    0.9659340880871625,
                    0.024774181199380442,
                    -0.2575996456075242,
                    -0.35156039224237895
                ],
                [
                    -0.08841804594796865,
                    0.9671001173619082,
                    -0.2385363958588426,
                    -0.15451738304721924
                ],
                [
                    0.24321510360576845,
                    0.253186893311016,
                    0.9363454546445727,
                    0.3575043507398457
                ],
                [
                    0.0,
                    0.0,
                    0.0,
                    1.0
                ]
            ]
        },
        {
            "file_path": "Screenshot 2025-05-27 at 19.07.12.png",
            "rotation": 0.0,
            "transform_matrix": [
                [
                    0.9979656131090021,
                    0.06369710948150278,
                    -0.002704310572962278,
                    -0.15359349482572687
                ],
                [
                    -0.06241482041935914,
                    0.9674661904172086,
                    -0.24518066928620758,
                    -0.15920135695425108
                ],
                [
                    -0.013000970886542893,
                    0.24485066600545524,
                    0.9694736335314603,
                    0.3821792249496847
                ],
                [
                    0.0,
                    0.0,
                    0.0,
                    1.0
                ]
            ]
        },
        {
            "file_path": "Screenshot 2025-05-27 at 19.07.08.png",
            "rotation": 0.0,
            "transform_matrix": [
                [
                    0.9884712750223328,
                    0.04233398890145864,
                    -0.14536977622399663,
                    -0.2644832372681057
                ],
                [
                    -0.07771433932127869,
                    0.9658524847556333,
                    -0.2471628191197577,
                    -0.16132217943789984
                ],
                [
                    0.12994237153284852,
                    0.25561066306995117,
                    0.9580073950682004,
                    0.3750336344254431
                ],
                [
                    0.0,
                    0.0,
                    0.0,
                    1.0
                ]
            ]
        },
        {
            "file_path": "Screenshot 2025-05-27 at 19.07.20.png",
            "rotation": 0.0,
            "transform_matrix": [
                [
                    0.9343749487269285,
                    0.10933672070404894,
                    0.33910018681391874,
                    0.11100054132650683
                ],
                [
                    -0.02946756739068855,
