{
  "aabb_scale": 4,
  "frames": [
    {
      "file_path": "IMG_0093.png",
      "transform_matrix": [
        [
          0.5101366768157667,
          0.6330790107437739,
          -0.5822126219200772,
          -0.21977809732861778
        ],
        [
          -0.8056620527417128,
          0.5887121397543871,
          -0.06577745265530435,
          -0.18021529181553206
        ],
        [
          0.3011133137863152,
          0.5026221072152475,
          0.8103713899189239,
          0.347996153294961
        ],
        [
          0.0,
          0.0,
          0.0,
          1.0
        ]
      ],
      "camera_angle_x": 0.22087587994793148,
      "camera_angle_y": 0.1966279290896812
    },
    {
      "file_path": "IMG_0091.png",
      "transform_matrix": [
        [
          0.8399876628159181,
          0.37204408332977856,
          -0.39497332362623716,
          -0.02800244193600645
        ],
        [
          -0.5259681575016544,
          0.7371606107628309,
          -0.42420717961166704,
          -0.5462860278803988
        ],
        [
          0.1333350051988089,
          0.5640721886417333,
          0.8148891595729806,
          0.3527319734333266
        ],
        [
          0.0,
          0.0,
          0.0,
          1.0
        ]
      ],
      "camera_angle_x": 0.22087587994793148,
      "camera_angle_y": 0.1966279290896812
    },
    {
      "file_path": "IMG_0084.png",
      "transform_matrix": [
        [
          -0.04027583323572831,
          0.6254615541313334,
          -0.7792147980889386,
          -0.29305711463653755
        ],
        [
          -0.191733926642102,
          0.7605174653562066,
          0.6203638337802844,
          0.3855788641705167
        ],
        [
          0.9806201908137366,
          0.1743875832500365,
          0.08929172512972672,
          -0.3342237724620333
        ],
        [
          0.0,
          0.0,
          0.0,
          1.0
        ]
      ],
      "camera_angle_x": 0.22087587994793148,
      "camera_angle_y": 0.1966279290896812
    },
    {
      "file_path": "IMG_0094.png",
      "transform_matrix": [
        [
          0.3022213784936803,
          0.6991576029013564,
          -0.6479512980823552,
          -0.2872807358013409
        ],
        [
          -0.8815992305450455,
          0.4635377547823541,
          0.08896935761102337,
          -0.02190666333898987
        ],
        [
          0.3625534927204035,
          0.5443449239191669,
          0.7564678239817426,
          0.2932247538153362
        ],
        [
          0.0,
          0.0,
          0.0,
          1.0
        ]
      ],
      "camera_angle_x": 0.22087587994793148,
      "camera_angle_y": 0.1966279290896812
    },
    {
      "file_path": "IMG_0092.png",
      "transform_matrix": [
        [
          0.7321972610882277,
          0.49460043863097686,
          -0.46824948153836,
          -0.1031551897913611
        ],
        [
          -0.6501363219142431,
          0.7124564269076972,
          -0.2640617402914267,
          -0.38291829638902664
        ],
        [
          0.203002299944403,
          0.4977712786651741,
          0.8432163544152356,
          0.38165084737358274
        ],
        [
          0.0,
          0.0,
          0.0,
          1.0
        ]
      ],
      "camera_angle_x": 0.22087587994793148,
      "camera_angle_y": 0.1966279290896812
    },
    {
      "file_path": "IMG_0098.png",
      "transform_matrix": [
        [
          -0.20742304651160115,
          0.978244945702914,
          0.003536379864976319,
          0.3748444447154848
        ],
        [
          -0.8810587400152879,
          -0.1883845478054368,
          0.4338741278191347,
          0.3325382914026047
        ],
        [
          0.4251013719320603,
          0.08687973500675716,
          0.9009665561088468,
          0.44174377887831245
        ],
        [
          0.0,
          0.0,
          0.0,
          1.0
        ]
      ],
      "camera_angle_x": 0.22087587994793148,
      "camera_angle_y": 0.1966279290896812
    },
    {
      "file_path": "IMG_0099.png",
      "transform_matrix": [
        [
          0.8754166122487335,
          0.42258375325105735,
          -0.2346672676092692,
          0.1950091286376547
        ],
        [
          -0.0942240525897399,
          0.62535654009895,
          0.7746296054689857,
          0.5252378424502451
        ],
        [
          0.4740965966050767,
          -0.656012324002926,
          0.5872650575709093,
          0.11674929999454361
        ],
        [
          0.0,
          0.0,
          0.0,
          1.0
        ]
      ],
      "camera_angle_x": 0.22087587994793148,
      "camera_angle_y": 0.1966279290896812
    },
    {
      "file_path": "IMG_0090.png",
      "transform_matrix": [
        [
          0.9318482951103261,
          0.27539906639692363,
          -0.2362500986829031,
          0.13421188951383545
        ],
        [
          -0.3598477682762217,
          0.7849753148041091,
          -0.5043048074476512,
          -0.6281361284016899
        ],
        [
          0.04656542243555027,
          0.5549496458021149,
          0.8305796482321885,
          0.36876445712800104
        ],
        [
          0.0,
          0.0,
          0.0,
          1.0
        ]
      ],
      "camera_angle_x": 0.22087587994793148,
      "camera_angle_y": 0.1966279290896812
    },
    {
      "file_path": "IMG_0096.png",
      "transform_matrix": [
        [
          0.04906579167948899,
          0.9712782475846281,
          -0.23283280236212198,
          0.13412941178216803
        ],
        [
          -0.9116502177301241,
          0.13878238628411,
          0.3868246757510508,
          0.28316011216638043
        ],
        [
          0.40802748510300446,
          0.19328221601125645,
          0.892275493541258,
          0.4332201558933641
        ],
        [
          0.0,
          0.0,
          0.0,
          1.0
        ]
      ],
      "camera_angle_x": 0.22087587994793148,
      "camera_angle_y": 0.1966279290896812
    },
    {
      "file_path": "IMG_0089.png",
      "transform_matrix": [
        [
          0.9880160491901134,
          0.1515953375595901,
          -0.02903687608805982,
          0.34598672968461874
        ],
        [
          -0.1424494102412715,
          0.8231132819257043,
          -0.5497205568644946,
          -0.6744159519364616
        ],
        [
          -0.05943443500760597,
          0.5472690186258401,
          0.8348437992748324,
          0.37285223907210446
        ],
        [
          0.0,
          0.0,
          0.0,
          1.0
        ]
      ],
      "camera_angle_x": 0.22087587994793148,
      "camera_angle_y": 0.1966279290896812
    },
    {
      "file_path": "IMG_0095.png",
      "transform_matrix": [
        [
          0.05027969017514888,
          0.7222932479747849,
          -0.6897567808190996,
          -0.3297193048573147
        ],
        [
          -0.912126054839734,
          0.3145235602127089,
          0.26287067191610697,
          0.1560055755064793
        ],
        [
          0.4068144697996794,
          0.615928075347405,
          0.6746366378728976,
          0.20928444098950577
        ],
        [
          0.0,
          0.0,
          0.0,
          1.0
        ]
      ],
      "camera_angle_x": 0.22087587994793148,
      "camera_angle_y": 0.1966279290896812
    },
    {
      "file_path": "IMG_0086.png",
      "transform_matrix": [
        [
          -0.38744539595858607,
          0.5469353531827429,
          -0.7421238337294948,
          -0.25919820632792584
        ],
        [
          -0.17764032406043503,
          0.7456219555430328,
          0.6422552566385792,
          0.40524855905056595
        ],
        [
          0.9046159297835729,
          0.3806699605314975,
          -0.19173002042129472,
          -0.5869125542814053
        ],
        [
          0.0,
          0.0,
          0.0,
          1.0
        ]
      ],
      "camera_angle_x": 0.22087587994793148,
      "camera_angle_y": 0.1966279290896812
    },
    {
      "file_path": "IMG_0083.png",
      "transform_matrix": [
        [
          0.14821598143961048,
          0.6190247889909912,
          -0.7712589276375037,
          -0.286190328501479
        ],
        [
          -0.18998554642219562,
          0.7831692135765529,
          0.5920738763503617,
          0.36029528904760383
        ],
        [
          0.9705346541966202,
          0.0587732381321841,
          0.2336839564088744,
          -0.20426418278927586
        ],
        [
          0.0,
          0.0,
          0.0,
          1.0
        ]
      ],
      "camera_angle_x": 0.22087587994793148,
      "camera_angle_y": 0.1966279290896812
    },
    {
      "file_path": "IMG_0097.png",
      "transform_matrix": [
        [
          0.029664529938937534,
          0.9995588811229611,
          0.0014348629607473518,
          0.3724550805275469
        ],
        [
          -0.9104678682229256,
          0.026428041706262895,
          0.41273456306102296,
          0.3099852275923881
        ],
        [
          0.4125145774358809,
          -0.01354997342382172,
          0.9108502190937379,
          0.4529459441250499
        ],
        [
          0.0,
          0.0,
          0.0,
          1.0
        ]
      ],
      "camera_angle_x": 0.22087587994793148,
      "camera_angle_y": 0.1966279290896812
    },
    {
      "file_path": "IMG_0087.png",
      "transform_matrix": [
        [
          -0.6026191343397508,
          0.440386451095305,
          -0.6655148027048629,
          -0.18965794772258657
        ],
        [
          -0.15368842459786886,
          0.7542926041875645,
          0.6382965889087668,
          0.40136668409931403
        ],
        [
          0.7830900631933949,
          0.4869316594344885,
          -0.38686885629130274,
          -0.7619735768594845
        ],
        [
          0.0,
          0.0,
          0.0,
          1.0
        ]
      ],
      "camera_angle_x": 0.22087587994793148,
      "camera_angle_y": 0.1966279290896812
    },
    {
      "file_path": "IMG_0082.png",
      "transform_matrix": [
        [
          0.2738478813289177,
          0.6014691092685176,
          -0.7504946691931923,
          -0.267592907345667
        ],
        [
          -0.18440639480314217,
          0.798682656266501,
          0.5728003981622165,
          0.34297802087247026
        ],
        [
          0.9439288211763485,
          -0.0184641591961901,
          0.329632303298398,
          -0.11786437585945243
        ],
        [
          0.0,
          0.0,
          0.0,
          1.0
        ]
      ],
      "camera_angle_x": 0.22087587994793148,
      "camera_angle_y": 0.1966279290896812
    },
    {
      "file_path": "IMG_0088.png",
      "transform_matrix": [
        [
          -0.7192189543583654,
          0.37849125684826634,
          -0.5826392230026058,
          -0.11590151791603459
        ],
        [
          -0.13924862352791767,
          0.7430509053725896,
          0.6545877885131646,
          0.416683587078904
        ],
        [
          0.6806863569495432,
          0.551923654606681,
          -0.481711908663638,
          -0.8481516554014622
        ],
        [
          0.0,
          0.0,
          0.0,
          1.0
        ]
      ],
      "camera_angle_x": 0.22087587994793148,
      "camera_angle_y": 0.1966279290896812
    },
    {
      "file_path": "IMG_0085.png",
      "transform_matrix": [
        [
          -0.25563202740176727,
          0.6052844032932363,
          -0.7538455131500172,
          -0.27041728126977416
        ],
        [
          -0.18651483893768322,
          0.7342274461596562,
          0.6527804164969406,
          0.4149853998067591
        ],
        [
          0.9486118707999136,
          0.30747495578635364,
          -0.0747975276440851,
          -0.48190148542974565
        ],
        [
          0.0,
          0.0,
          0.0,
          1.0
        ]
      ],
      "camera_angle_x": 0.22087587994793148,
      "camera_angle_y": 0.1966279290896812
    },
    {
      "file_path": "IMG_0077.png",
      "transform_matrix": [
        [
          0.9879580734262169,
          0.087583845436371,
          -0.12754573756318122,
          0.29272996605546003
        ],
        [
          -0.030648214627963483,
          0.9188010706670148,
          0.3935292612770564,
          0.18189337588141335
        ],
        [
          0.15165596622644395,
          -0.38488136166840464,
          0.9104212241310055,
          0.4050876843177124
        ],
        [
          0.0,
          0.0,
          0.0,
          1.0
        ]
      ],
      "camera_angle_x": 0.22087587994793148,
      "camera_angle_y": 0.1966279290896812
    },
    {
      "file_path": "IMG_0078.png",
      "transform_matrix": [
        [
          0.9344625311717286,
          0.20067191285689076,
          -0.29412677747271276,
          0.1428695129995442
        ],
        [
          -0.0696363925670114,
          0.9131035451409083,
          0.40173708900393834,
          0.18928468463470427
        ],
        [
          0.3491855533471844,
          -0.3549263293156224,
          0.8672351181151274,
          0.3660718789735653
        ],
        [
          0.0,
          0.0,
          0.0,
          1.0
        ]
      ],
      "camera_angle_x": 0.22087587994793148,
      "camera_angle_y": 0.1966279290896812
    },
    {
      "file_path": "IMG_0081.png",
      "transform_matrix": [
        [
          0.5096834726028192,
          0.5085718923444514,
          -0.6939577711018984,
          -0.2168256878298123
        ],
        [
          -0.16394582336266403,
          0.8492191469741825,
          0.5019448250698276,
          0.27946872699092895
        ],
        [
          0.8445972559495262,
          -0.14206150333438453,
          0.5162112014601246,
          0.050171498338173026
        ],
        [
          0.0,
          0.0,
          0.0,
          1.0
        ]
      ],
      "camera_angle_x": 0.22087587994793148,
      "camera_angle_y": 0.1966279290896812
    },
    {
      "file_path": "IMG_0076.png",
      "transform_matrix": [
        [
          0.9998986210902919,
          -0.007389563613494405,
          0.012171355361453749,
          0.418439511594562
        ],
        [
          0.0019023704575207331,
          0.916458941255171,
          0.4001242181874189,
          0.18759166060264745
        ],
        [
          -0.014111290811794,
          -0.40006049960356366,
          0.9163800893344267,
          0.41006498170286837
        ],
        [
          0.0,
          0.0,
          0.0,
          1.0
        ]
      ],
      "camera_angle_x": 0.22087587994793148,
      "camera_angle_y": 0.1966279290896812
    },
    {
      "file_path": "IMG_0075.png",
      "transform_matrix": [
        [
          0.9775075918351104,
          -0.12322665566615101,
          0.17115519050866965,
          0.5615604923916778
        ],
        [
          0.04017420413070286,
          0.9054830599391038,
          0.42247658099092533,
          0.20787123785320522
        ],
        [
          -0.20703850179903197,
          -0.4060980417296458,
          0.8900670981876361,
          0.38703288669771346
        ],
        [
          0.0,
          0.0,
          0.0,
          1.0
        ]
      ],
      "camera_angle_x": 0.22087587994793148,
      "camera_angle_y": 0.1966279290896812
    },
    {
      "file_path": "IMG_0074.png",
      "transform_matrix": [
        [
          0.9280938710841398,
          -0.21500394835045755,
          0.30399846817010423,
          0.6811701168055762
        ],
        [
          0.0716809531072634,
          0.9043371189111336,
          0.42075671868806164,
          0.20641376305077727
        ],
        [
          -0.36538145467126604,
          -0.3687108318902824,
          0.8547214253948976,
          0.35533292903991187
        ],
        [
          0.0,
          0.0,
          0.0,
          1.0
        ]
      ],
      "camera_angle_x": 0.22087587994793148,
      "camera_angle_y": 0.1966279290896812
    },
    {
      "file_path": "IMG_0079.png",
      "transform_matrix": [
        [
          0.8558759946880833,
          0.2907610608497051,
          -0.42770817996647925,
          0.022630317921808234
        ],
        [
          -0.10036437454055148,
          0.9046545953959981,
          0.4141582491656864,
          0.2005513817668514
        ],
        [
          0.5073492623822055,
          -0.3115414394947435,
          0.8034542036966233,
          0.30876640048653997
        ],
        [
          0.0,
          0.0,
          0.0,
          1.0
        ]
      ],
      "camera_angle_x": 0.22087587994793148,
      "camera_angle_y": 0.1966279290896812
    },
    {
      "file_path": "IMG_0080.png",
      "transform_matrix": [
        [
          0.7005008859657512,
          0.4173987902770805,
          -0.5788581507039764,
          -0.11354859476468168
        ],
        [
          -0.1368547741712551,
          0.8746358642823001,
          0.46506222776924033,
          0.24645982818221074
        ],
        [
          0.7004065102122713,
          -0.24655700108977588,
          0.6698062150098967,
          0.18870513937376557
        ],
        [
          0.0,
          0.0,
          0.0,
          1.0
        ]
      ],
      "camera_angle_x": 0.22087587994793148,
      "camera_angle_y": 0.1966279290896812
    },
    {
      "file_path": "IMG_0065.png",
      "transform_matrix": [
        [
          -0.3309085439752101,
          0.7182820880625909,
          -0.612021549859685,
          -0.25034274952093877
        ],
        [
          -0.8435242862612105,
          0.06560190365712626,
          0.5330695721236363,
          0.43252146526582946
        ],
        [
          0.4230441040975774,
          0.6926523169707914,
          0.5841801552460272,
          0.116759638598789
        ],
        [
          0.0,
          0.0,
          0.0,
          1.0
        ]
      ],
      "camera_angle_x": 0.22087587994793148,
      "camera_angle_y": 0.1966279290896812
    },
    {
      "file_path": "IMG_0070.png",
      "transform_matrix": [
        [
          -0.8442863434665694,
          0.4412236982066992,
          -0.30414177348180044,
          0.06519004589605311
        ],
        [
          -0.44078605867525017,
          -0.24899395547891878,
          0.8623860276074177,
          0.7689507377312531
        ],
        [
          0.30477568917712267,
          0.8621621995168697,
          0.40470745114322226,
          -0.06710753107319686
        ],
        [
          0.0,
          0.0,
          0.0,
          1.0
        ]
      ],
      "camera_angle_x": 0.22087587994793148,
      "camera_angle_y": 0.1966279290896812
    },
    {
      "file_path": "IMG_0068.png",
      "transform_matrix": [
        [
          -0.6749262201284886,
          0.5730754634892842,
          -0.46482158999944617,
          -0.09959831045254351
        ],
        [
          -0.6370714275777781,
          -0.1347191941132282,
          0.7589405344962769,
          0.6637895645652617
        ],
        [
          0.37230980855610424,
          0.8083534201597867,
          0.45601552009651225,
          -0.014220270717474956
        ],
        [
          0.0,
          0.0,
          0.0,
          1.0
        ]
      ],
      "camera_angle_x": 0.22087587994793148,
      "camera_angle_y": 0.1966279290896812
    },
    {
      "file_path": "IMG_0073.png",
      "transform_matrix": [
        [
          0.836536432024326,
          -0.3639350451751885,
          0.40958281310297145,
          0.7763942181712489
        ],
        [
          0.1057984557017694,
          0.840758503915296,
          0.5309725274110082,
          0.3051800078100611
        ],
        [
          -0.5375997439239819,
          -0.4008446344750627,
          0.7418288848147008,
          0.25384978514714707
        ],
        [
          0.0,
          0.0,
          0.0,
          1.0
        ]
      ],
      "camera_angle_x": 0.22087587994793148,
      "camera_angle_y": 0.1966279290896812
    },
    {
      "file_path": "IMG_0072.png",
      "transform_matrix": [
        [
          0.6518769057672068,
          -0.4986710346918086,
          0.5713000077776766,
          0.9224760167352458
        ],
        [
          0.14760166254130336,
          0.8223997968542377,
          0.5494290885538841,
          0.3223196825131858
        ],
        [
          -0.7438213824181283,
          -0.2738353032271581,
          0.6097081086586229,
          0.13542734315496024
        ],
        [
          0.0,
          0.0,
          0.0,
          1.0
        ]
      ],
      "camera_angle_x": 0.22087587994793148,
      "camera_angle_y": 0.1966279290896812
    },
    {
      "file_path": "IMG_0066.png",
      "transform_matrix": [
        [
          -0.4488395660626302,
          0.6842586328966558,
          -0.5747461763623227,
          -0.21204059544943274
        ],
        [
          -0.7917266989865104,
          -0.006252491572752206,
          0.6108434664143153,
          0.5120003895815232
        ],
        [
          0.4143813196183367,
          0.7292126093640542,
          0.5445521942806157,
          0.07612911824453426
        ],
        [
          0.0,
          0.0,
          0.0,
          1.0
        ]
      ],
      "camera_angle_x": 0.22087587994793148,
      "camera_angle_y": 0.1966279290896812
    },
    {
      "file_path": "IMG_0071.png",
      "transform_matrix": [
        [
          -0.8961158255685527,
          0.37645633498226105,
          -0.23506819227048778,
          0.13588107397626192
        ],
        [
          -0.35146991076953804,
          -0.27852308605883047,
          0.8938085882088617,
          0.8012101155233752
        ],
        [
          0.27100798694733025,
          0.8835754174851115,
          0.38190201966835247,
          -0.09032829311265701
        ],
        [
          0.0,
          0.0,
          0.0,
          1.0
        ]
      ],
      "camera_angle_x": 0.22087587994793148,
      "camera_angle_y": 0.1966279290896812
    },
    {
      "file_path": "IMG_0069.png",
      "transform_matrix": [
        [
          -0.7633991742033286,
          0.5219878509184944,
          -0.38046075266598517,
          -0.013086436028049066
        ],
        [
          -0.5474697140407557,
          -0.21030525190565597,
          0.8099682791498887,
          0.7156466639677428
        ],
        [
          0.342780706915966,
          0.8266198548996936,
          0.44631939511049723,
          -0.024465129159406844
        ],
        [
          0.0,
          0.0,
          0.0,
          1.0
        ]
      ],
      "camera_angle_x": 0.22087587994793148,
      "camera_angle_y": 0.1966279290896812
    },
    {
      "file_path": "IMG_0064.png",
      "transform_matrix": [
        [
          -0.20720191063423687,
          0.749145558910425,
          -0.6291647636305684,
          -0.2681246829379532
        ],
        [
          -0.8812806287734221,
          0.1362923237171917,
          0.4525139288955536,
          0.3501497336296576
        ],
        [
          0.4247491278133997,
          0.6482324691501925,
          0.6319674393204139,
          0.16571155496717965
        ],
        [
          0.0,
          0.0,
          0.0,
          1.0
        ]
      ],
      "camera_angle_x": 0.22087587994793148,
      "camera_angle_y": 0.1966279290896812
    },
    {
      "file_path": "IMG_0067.png",
      "transform_matrix": [
        [
          -0.5675356249972291,
          0.6360032622595118,
          -0.5228796847786912,
          -0.15897540145164624
        ],
        [
          -0.7210801802226372,
          -0.07740284603031078,
          0.6885144683421672,
          0.5915388056797501
        ],
        [
          0.39742507224518936,
          0.767794666445181,
          0.5025382195706505,
          0.033214799495537135
        ],
        [
          0.0,
          0.0,
          0.0,
          1.0
        ]
      ],
      "camera_angle_x": 0.22087587994793148,
      "camera_angle_y": 0.1966279290896812
    },
    {
      "file_path": "IMG_0063.png",
      "transform_matrix": [
        [
          0.058362869118464444,
          0.76210912613839,
          -0.6448127289103722,
          -0.2841549318383179
        ],
        [
          -0.9119170926790293,
          0.3035198590249778,
          0.2761936119052806,
          0.16962024684543167
        ],
        [
          0.40620314079052644,
          0.5718962974473936,
          0.7126946284194053,
          0.24827641117289562
        ],
        [
          0.0,
          0.0,
          0.0,
          1.0
        ]
      ],
      "camera_angle_x": 0.22087587994793148,
      "camera_angle_y": 0.1966279290896812
    },
    {
      "file_path": "IMG_0062.png",
      "transform_matrix": [
        [
          0.1080333432762769,
          0.6240108700140584,
          -0.7739116427893097,
          -0.41510524295709783
        ],
        [
          -0.9107376504523236,
          0.3742492285367609,
          0.1746265930155554,
          0.06587107367025825
        ],
        [
          0.39860472750474407,
          0.6859649765432176,
          0.6087415889907075,
          0.14200066470165582
        ],
        [
          0.0,
          0.0,
          0.0,
          1.0
        ]
      ],
      "camera_angle_x": 0.22087587994793148,
      "camera_angle_y": 0.1966279290896812
    },
    {
      "file_path": "IMG_0061.png",
      "transform_matrix": [
        [
          0.1182806067428731,
          0.38662684815735693,
          -0.914619799890887,
          -0.5568071680101316
        ],
        [
          -0.9099545599715906,
          0.4109067814385031,
          0.05602067256611015,
          -0.0551522321312773
        ],
        [
          0.3974825742789828,
          0.825636298409753,
          0.40041516691153783,
          -0.07113684832478481
        ],
        [
          0.0,
          0.0,
          0.0,
          1.0
        ]
      ],
      "camera_angle_x": 0.22087587994793148,
      "camera_angle_y": 0.1966279290896812
    },
    {
      "file_path": "IMG_0049.png",
      "transform_matrix": [
        [
          0.9253839340805755,
          0.16842147150675446,
          -0.33955674412542064,
          0.029404668427105696
        ],
        [
          -0.37520936596305265,
          0.5339418678524807,
          -0.7577097158198567,
          -0.8852044154786727
        ],
        [
          0.053688976886888895,
          0.8285772683882315,
          0.5572945397822731,
          0.08908184692606506
        ],
        [
          0.0,
          0.0,
          0.0,
          1.0
        ]
      ],
      "camera_angle_x": 0.22087587994793148,
      "camera_angle_y": 0.1966279290896812
    },
    {
      "file_path": "IMG_0022.png",
      "transform_matrix": [
        [
          0.996108698841874,
          -0.01260161099002217,
          0.08722763032436966,
          0.4857521691833871
        ],
        [
          0.01602099351523782,
          0.9991258284652921,
          -0.038612260492343654,
          -0.20594146089564566
        ],
        [
          -0.08666480172673015,
          0.03985948185814823,
          0.9954398192998242,
          0.47914370415174734
        ],
        [
          0.0,
          0.0,
          0.0,
          1.0
        ]
      ],
      "camera_angle_x": 0.22087587994793148,
      "camera_angle_y": 0.1966279290896812
    },
    {
      "file_path": "IMG_0025.png",
      "transform_matrix": [
        [
          0.9939144452368825,
          0.021572848194596032,
          -0.10802170045982827,
          0.31059718975839945
        ],
        [
          -0.022569787616878792,
          0.9997131422630915,
          -0.008014853297759871,
          -0.17851340178506675
        ],
        [
          0.10781781038580283,
          0.010404105306490424,
          0.9941162277904845,
          0.4777617690357772
        ],
        [
          0.0,
          0.0,
          0.0,
          1.0
        ]
      ],
      "camera_angle_x": 0.22087587994793148,
      "camera_angle_y": 0.1966279290896812
    },
    {
      "file_path": "IMG_0024.png",
      "transform_matrix": [
        [
          0.9999993900388777,
          0.0008821597038503934,
          -0.0006646172805429856,
          0.4069063499343915
        ],
        [
          -0.0008823301942541645,
          0.9999995779082739,
          -0.00025627466205561635,
          -0.17154998782417077
        ],
        [
          0.000664390924833547,
          0.000256860917632282,
          0.9999997463035518,
          0.4833829776736182
        ],
        [
          0.0,
          0.0,
          0.0,
          1.0
        ]
      ],
      "camera_angle_x": 0.22087587994793148,
      "camera_angle_y": 0.1966279290896812
    },
    {
      "file_path": "IMG_0027.png",
      "transform_matrix": [
        [
          0.952661752318013,
          0.05781303110480644,
          -0.29848490599165584,
          0.13965485674028927
        ],
        [
          -0.06018813946283347,
          0.9981862840233774,
          0.0012370350051171966,
          -0.1702187616704039
        ],
        [
          0.2980150558921067,
          0.01678677521372285,
          0.9544135532564216,
          0.4424586086830745
        ],
        [
          0.0,
          0.0,
          0.0,
          1.0
        ]
      ],
      "camera_angle_x": 0.22087587994793148,
      "camera_angle_y": 0.1966279290896812
    },
    {
      "file_path": "IMG_0023.png",
      "transform_matrix": [
        [
          0.9999547504209498,
          -8.426667435271844e-05,
          0.009512623702400837,
          0.4160162183599494
        ],
        [
          0.0005501849033507993,
          0.9987992666514013,
          -0.04898695982805099,
          -0.2152236671927386
        ],
        [
          -0.009497073609697333,
          0.04898997689069214,
          0.9987541177672817,
          0.48183203593210816
        ],
        [
          0.0,
          0.0,
          0.0,
          1.0
        ]
      ],
      "camera_angle_x": 0.22087587994793148,
      "camera_angle_y": 0.1966279290896812
    },
    {
      "file_path": "IMG_0030.png",
      "transform_matrix": [
        [
          0.7529299403371894,
          0.13678054800473383,
          -0.6437294358900805,
          -0.17031183615975906
        ],
        [
          -0.1271496341093768,
          0.989966986376787,
          0.06163064521740724,
          -0.1160350786590713
        ],
        [
          0.6457007631168543,
          0.03544640421237431,
          0.7627673806205435,
          0.2706367392116831
        ],
        [
          0.0,
          0.0,
          0.0,
          1.0
        ]
      ],
      "camera_angle_x": 0.22087587994793148,
      "camera_angle_y": 0.1966279290896812
    },
    {
      "file_path": "IMG_0028.png",
      "transform_matrix": [
        [
          0.8919691436751276,
          0.09852169283293212,
          -0.44123069110477003,
          0.01143975263558817
        ],
        [
          -0.08831517124646591,
          0.9951349033059199,
          0.04366869301942515,
          -0.13215433302375065
        ],
        [
          0.443386374688225,
          1.623732616559334e-05,
          0.8963305877170443,
          0.39059176506721316
        ],
        [
          0.0,
          0.0,
          0.0,
          1.0
        ]
      ],
      "camera_angle_x": 0.22087587994793148,
      "camera_angle_y": 0.1966279290896812
    },
    {
      "file_path": "IMG_0029.png",
      "transform_matrix": [
        [
          0.8376938628700153,
          0.11858985051154358,
          -0.5331092190776312,
          -0.07098515726144246
        ],
        [
          -0.10616788121326634,
          0.9928786802440585,
          0.054039867833875085,
          -0.12285351628079273
        ],
        [
          0.5357213577118218,
          0.011330210609987224,
          0.8443188101771366,
          0.3437653228858879
        ],
        [
          0.0,
          0.0,
          0.0,
          1.0
        ]
      ],
      "camera_angle_x": 0.22087587994793148,
      "camera_angle_y": 0.1966279290896812
    },
    {
      "file_path": "IMG_0021.png",
      "transform_matrix": [
        [
          0.9876790860752491,
          -0.02471413291869986,
          0.15452907352222575,
          0.5461536682398463
        ],
        [
          0.02930640897446101,
          0.9991918276183868,
          -0.027510470981968606,
          -0.1959789541082587
        ],
        [
          -0.15372428995634438,
          0.031700209064057315,
          0.9876051536027507,
          0.4721847560016221
        ],
        [
          0.0,
          0.0,
          0.0,
          1.0
        ]
      ],
      "camera_angle_x": 0.22087587994793148,
      "camera_angle_y": 0.1966279290896812
    },
    {
      "file_path": "IMG_0020.png",
      "transform_matrix": [
        [
          0.9722164697637982,
          -0.03967408080225525,
          0.23069699441586525,
          0.6144613011813211
        ],
        [
          0.04421764389293466,
          0.998915872034962,
          -0.014556117792492676,
          -0.1843741750271395
        ],
        [
          -0.22986938875930232,
          0.024352574999934304,
          0.9729167570775504,
          0.45896884261870186
        ],
        [
          0.0,
          0.0,
          0.0,
          1.0
        ]
      ],
      "camera_angle_x": 0.22087587994793148,
      "camera_angle_y": 0.1966279290896812
    },
    {
      "file_path": "IMG_0019.png",
      "transform_matrix": [
        [
          0.9442903657391059,
          -0.059776313626775573,
          0.32363945603325167,
          0.6980215779119489
        ],
        [
          0.06304397516579173,
          0.9980106746075637,
          0.0003880266108410163,
          -0.1709547319108163
        ],
        [
          -0.3230188266457556,
          0.02003710803856309,
          0.946180401368497,
          0.4355479328092092
        ],
        [
          0.0,
          0.0,
          0.0,
          1.0
        ]
      ],
      "camera_angle_x": 0.22087587994793148,
      "camera_angle_y": 0.1966279290896812
    },
    {
      "file_path": "IMG_0017.png",
      "transform_matrix": [
        [
          0.8853788139661025,
          -0.08000245220695806,
          0.4579344531926497,
          0.8185285867136051
        ],
        [
          0.08887263461650582,
          0.9960406059185819,
          0.0021831577279589204,
          -0.16932535103234944
        ],
        [
          -0.45629596820079255,
          0.03876491973701854,
          0.8889832790336857,
          0.3841223605420267
        ],
        [
          0.0,
          0.0,
          0.0,
          1.0
        ]
      ],
      "camera_angle_x": 0.22087587994793148,
      "camera_angle_y": 0.1966279290896812
    },
    {
      "file_path": "IMG_0006.png",
      "transform_matrix": [
        [
          -0.6768910035917153,
          0.25913566515038233,
          -0.688961012179695,
          -0.32572949416775376
        ],
        [
          -0.6344227807937309,
          0.2692463430545309,
          0.7245785961244727,
          0.6260321477981451
        ],
        [
          0.3732643894969765,
          0.9275532943172758,
          -0.017848858076042085,
          -0.49761252651834226
        ],
        [
          0.0,
          0.0,
          0.0,
          1.0
        ]
      ],
      "camera_angle_x": 0.22087587994793148,
      "camera_angle_y": 0.1966279290896812
    },
    {
      "file_path": "IMG_0007.png",
      "transform_matrix": [
        [
          -0.7713294079748777,
          0.23954167033100518,
          -0.5896361018188743,
          -0.22431324844929915
        ],
        [
          -0.5370847737985524,
          0.25206433871748024,
          0.8049866551071997,
          0.7077272869878128
        ],
        [
          0.34145408204747496,
          0.9375944524803631,
          -0.06577045332947828,
          -0.5464301200276298
        ],
        [
          0.0,
          0.0,
          0.0,
          1.0
        ]
      ],
      "camera_angle_x": 0.22087587994793148,
      "camera_angle_y": 0.1966279290896812
    },
    {
      "file_path": "IMG_0018.png",
      "transform_matrix": [
        [
          0.9152802741232456,
          -0.06528948985999102,
          0.3974912606771355,
          0.7641554691315798
        ],
        [
          0.07678975602435546,
          0.9969617104080499,
          -0.013064507261108338,
          -0.18302670677581778
        ],
        [
          -0.3954305921025792,
          0.042480942716443086,
          0.917512951589963,
          0.409449928516862
        ],
        [
          0.0,
          0.0,
          0.0,
          1.0
        ]
      ],
      "camera_angle_x": 0.22087587994793148,
      "camera_angle_y": 0.1966279290896812
    },
    {
      "file_path": "IMG_0016.png",
      "transform_matrix": [
        [
          0.8460288922628976,
          -0.11370653876621861,
          0.5208703643885116,
          0.8752816888175283
        ],
        [
          0.1033497851905886,
          0.9934373044747343,
          0.049001469151783716,
          -0.1273314607791066
        ],
        [
          -0.5230238382306046,
          0.012375181605958147,
          0.8522282085936524,
          0.351537945401062
        ],
        [
          0.0,
          0.0,
          0.0,
          1.0
        ]
      ],
      "camera_angle_x": 0.22087587994793148,
      "camera_angle_y": 0.1966279290896812
    },
    {
      "file_path": "IMG_0001.png",
      "transform_matrix": [
        [
          0.06759604942271319,
          0.3046216899197409,
          -0.950071786831334,
          -0.5925626225653648
        ],
        [
          -0.9117737300008737,
          0.4054937041673105,
          0.06514231467308923,
          -0.045860769260184814
        ],
        [
          0.40509189004809315,
          0.8618471337256479,
          0.30515582692478405,
          -0.16834101521718725
        ],
        [
          0.0,
          0.0,
          0.0,
          1.0
        ]
      ],
      "camera_angle_x": 0.22087587994793148,
      "camera_angle_y": 0.1966279290896812
    },
    {
      "file_path": "IMG_0012.png",
      "transform_matrix": [
        [
          0.6767568537699831,
          -0.15897284535662318,
          0.7188378087681345,
          1.053296964800898
        ],
        [
          0.14237647589798544,
          0.9862361208248405,
          0.08406695600080366,
          -0.09609231782897242
        ],
        [
          -0.7223081752176314,
          0.045452705305513486,
          0.6900760476890833,
          0.20598295271276387
        ],
        [
          0.0,
          0.0,
          0.0,
          1.0
        ]
      ],
      "camera_angle_x": 0.22087587994793148,
      "camera_angle_y": 0.1966279290896812
    },
    {
      "file_path": "IMG_0004.png",
      "transform_matrix": [
        [
          -0.42383182169151623,
          0.29408457606766975,
          -0.8566684592307281,
          -0.49715663209315125
        ],
        [
          -0.8035455706497421,
          0.3143565448758885,
          0.5054646165488479,
          0.40301256442741773
        ],
        [
          0.41794868442289773,
          0.9026041351626928,
          0.1030760514201845,
